%YAML:1.0
cameraMatrix: !!opencv-matrix
   rows: 3
   cols: 3
   dt: d
   data: [ 2.4159518510937182e+03, 0., 1.2145657911602693e+03, 0.,
       2.4154443700141951e+03, 1.0261504574768444e+03, 0., 0., 1. ]
distCoeffs: !!opencv-matrix
   rows: 5
   cols: 1
   dt: d
   data: [ -7.7705291947178332e-02, -1.4399558029225407e-01,
       -1.7511801283311699e-04, 4.0340131937091064e-04,
       1.1817071570138362e+00 ]
